2549
234
21
1
0
2573
241
24
2
1
2580
286
26
2
0
2564
241
24
4
0
2511
240
28
2
0
2521
240
15
2
0
2524
236
29
2
0
2494
236
21
2
1
2553
216
19
3
1
2466
249
26
1
0
2471
260
33
2
0
2605
247
23
0
0
2574
239
29
3
0
2489
249
25
1
0
2534
267
30
4
0
2521
251
24
2
0
2577
272
31
1
0
2518
236
21
4
1
2505
262
24
0
0
2497
255
23
3
0
2479
236
26
0
0
2494
238
29
3
1
2553
243
16
0
0
2480
230
23
1
0
2548
251
23
1
0
2478
263
30
1
0
2535
258
29
4
0
2548
230
28
1
0
2522
245
29
4
1
2562
240
26
3
0
2531
256
22
3
1
2497
249
24
2
0
2514
212
23
3
1
2487
248
31
2
0
2538
254
29
2
0
2568
230
14
0
0
2594
269
30
2
0
2399
236
15
0
0
2502
253
23
3
0
2517
247
20
5
0
2517
258
16
1
0
2561
251
30
3
1
2501
216
22
1
0
2505
269
31
2
0
2598
260
31
1
1
2497
274
32
2
0
2486
241
27
1
0
2475
241
27
3
0
2500
253
22
2
0
2588
260
28
3
1
2439
260
23
1
0
2477
227
20
2
0
2626
254
26
2
0
2571
263
25
0
0
2498
274
30
3
0
2587
253
26
2
0
2567
218
18
0
0
2490
247
14
2
0
2541
264
23
4
1
2551
249
23
3
0
2480
261
22
3
1
2573
277
30
1
0
2481
231
31
2
0
2553
264
31
6
2
2555
260
25
3
0
2511
263
24
4
0
2433
242
28
2
0
2562
264
18
0
0
2475
258
34
1
0
2547
260
17
1
0
2487
258
26
3
0
2542
296
43
8
1
2543
265
18
3
1
2481
253
20
2
0
2571
254
30
3
0
2591
241
35
4
0
2507
234
17
1
0
2532
272
32
2
0
2540
264
30
3
0
2526
253
21
2
0
2573
270
26
4
0
2535
245
23
1
0
2523
260
37
6
1
2527
270
35
5
0
2530
247
17
2
0
2443
256
26
4
0
2492
246
22
5
0
2484
231
22
2
0
2578
267
24
4
0
2518
239
28
3
1
2479
250
22
4
0
2544
232
25
3
0
2571
272
27
3
1
2517
246
29
4
0
2546
251
24
3
0
2501
255
24
2
0
2489
256
27
3
0
2515
251
25
3
1
2540
261
26
3
1
2541
217
26
0
0
