5122
475
45
3
1
5144
527
50
6
0
5032
480
43
4
0
5018
472
50
4
1
5019
465
45
4
1
5076
507
56
2
0
5063
488
54
4
0
5055
518
54
6
0
5095
508
52
5
1
5002
517
47
3
0
4973
474
55
3
1
5033
473
39
1
0
5025
514
53
2
0
5083
488
57
5
0
5084
485
55
7
1
5028
505
46
5
1
5001
460
54
5
1
5106
484
43
2
0
4993
505
45
2
0
5019
500
43
8
0
5078
509
46
4
1
5006
485
53
3
0
5095
534
63
3
1
4961
482
54
4
0
5088
513
50
5
1
4916
487
43
3
0
5197
517
51
2
0
5085
527
56
5
0
5056
465
32
2
0
5092
513
46
7
1
5053
538
52
4
1
5033
495
62
8
2
5066
523
49
7
0
4995
506
46
2
0
5022
518
51
2
0
5029
554
69
11
1
5024
518
38
5
1
5162
495
65
7
0
5039
506
49
3
0
5066
517
51
5
0
5107
515
49
5
0
5050
530
72
11
1
4973
503
43
6
0
4976
477
44
7
0
5096
506
52
7
1
5023
482
47
7
0
5088
518
56
7
1
5047
506
48
5
0
5004
507
52
6
1
5081
478
52
3
1
