0.003976
0.003835
0.003468
0.003421
0.003308
0.003271
0.003323
0.008443
0.003382
0.003352
0.007297
0.005192
0.005132
0.004061
0.004728
0.004476
0.004304
0.004032
0.004143
0.003978
6.5e-05
5.8e-05
6.1e-05
5.5e-05
6.5e-05
8.6e-05
6.9e-05
7.6e-05
6.7e-05
5.7e-05
5.4e-05
5.3e-05
5.8e-05
6.5e-05
5.4e-05
6.9e-05
6.1e-05
5.4e-05
7e-05
9.3e-05
6e-05
5.3e-05
5.6e-05
4.7e-05
6.5e-05
6.5e-05
6.2e-05
5.7e-05
4.9e-05
5.2e-05
6.1e-05
5.6e-05
7.8e-05
6.4e-05
6.4e-05
7.7e-05
6.1e-05
0.000132
5.1e-05
5.4e-05
4.7e-05
4.3e-05
4.7e-05
4.4e-05
4.2e-05
4.4e-05
4.6e-05
4.3e-05
4.6e-05
4.4e-05
4.3e-05
4.4e-05
4.3e-05
4.3e-05
4.4e-05
4.8e-05
4.4e-05
4.4e-05
4.4e-05
4.7e-05
4.5e-05
4.3e-05
0.000141
4.8e-05
8.1e-05
6e-05
4.7e-05
4.7e-05
7e-05
4.9e-05
4.8e-05
4.8e-05
4.4e-05
4.5e-05
4.8e-05
4.4e-05
4.6e-05
4.5e-05
4.5e-05
4.3e-05
4.8e-05
4.8e-05
4.9e-05
5.5e-05
4.8e-05
6.3e-05
0.000172
5.4e-05
0.000128
5.5e-05
5.5e-05
5e-05
5.6e-05
4.6e-05
4.7e-05
6.4e-05
4.9e-05
4.9e-05
4.4e-05
4.5e-05
4.3e-05
4.4e-05
4.9e-05
4.5e-05
4.7e-05
5.8e-05
4.8e-05
4.6e-05
4.5e-05
4.5e-05
4.6e-05
4.5e-05
4.7e-05
6.2e-05
5e-05
0.000118
4.9e-05
4.5e-05
6e-05
5.8e-05
5.5e-05
6e-05
4.8e-05
8.4e-05
8.3e-05
8.4e-05
9e-05
5.5e-05
8.6e-05
7e-05
5.3e-05
4.7e-05
4.6e-05
4.5e-05
4.7e-05
9.7e-05
4.6e-05
4.7e-05
6.5e-05
7.5e-05
7.8e-05
0.000114
5.8e-05
5.9e-05
5.6e-05
5.1e-05
4.6e-05
5.4e-05
5.4e-05
5.2e-05
5.2e-05
5.1e-05
4.8e-05
4.9e-05
4.9e-05
5.1e-05
6e-05
5e-05
5.3e-05
4.7e-05
4.3e-05
4.8e-05
4.6e-05
5.7e-05
5.5e-05
5.4e-05
6.9e-05
5.9e-05
6.8e-05
8.8e-05
0.007603
0.004159
0.004107
0.004131
0.003986
0.006888
0.006798
0.006805
0.003958
0.004287
0.00883
0.007791
0.007291
0.007578
0.006893
0.006525
0.00611
0.006046
0.00573
0.005758
0.006542
0.005305
0.005858
0.005553
0.004721
0.00507
0.004495
0.004736
0.004303
0.004301
0.00215
0.00318
0.002193
0.003364
0.002083
0.00206
0.002067
0.002026
0.002047
0.002016
0.001975
0.00207
0.001981
0.001892
0.001919
0.0019
0.001902
0.001833
0.001814
0.001755
0.000751
0.00076
0.000741
0.000713
0.00073
0.000773
0.000782
0.000745
0.000764
0.000718
0.000763
0.000701
0.000701
0.000732
0.000745
0.000697
0.000728
0.000745
0.000718
0.000684
0.000683
0.000678
0.000682
0.000675
0.000684
0.000729
0.000731
0.000703
0.000679
0.000682
0.000682
0.000866
0.000696
0.000699
0.000681
0.000699
0.000721
0.000688
0.000678
0.000674
0.000657
0.000655
0.000673
0.000671
0.000691
0.000676
0.000695
0.000685
0.000673
0.000688
0.000378
0.000417
0.000377
0.000369
0.000374
0.000395
0.000376
0.000375
0.000377
0.000366
0.000389
0.000371
0.000374
0.000364
0.000372
0.000375
0.000404
0.000426
0.000381
0.000398
0.000365
0.000369
0.000375
0.000364
0.000374
0.000365
0.000376
0.00037
0.000369
0.000379
0.000391
0.000382
0.000371
0.000369
0.000366
0.00037
0.000376
0.000367
0.000368
0.00037
0.000381
0.000383
0.000382
0.000376
0.000377
0.000372
0.000372
0.000358
0.000368
0.000478
0.000405
0.000372
0.000382
0.000582
0.000389
0.000392
0.000388
0.000401
0.000424
0.000397
0.000376
0.000371
0.000368
0.000369
0.000368
0.000366
0.000363
0.000374
0.000362
0.000384
0.000361
0.000394
0.000374
0.000366
0.00037
0.000374
0.000366
0.000371
0.000372
0.000375
0.000377
0.000368
0.00038
0.000367
0.000398
0.000392
0.000371
0.000375
0.00038
0.000374
0.000378
0.000371
0.000376
0.00038
0.000381
0.000387
0.000366
0.000377
0.000397
0.00037
0.007174
0.008612
0.004788
0.00505
0.003697
0.004133
0.004138
0.003998
0.003232
0.003231
