0.000537
0.000403
0.000474
0.000389
0.000376
0.000371
0.000398
0.00037
0.000381
0.000431
0.000365
0.000374
0.000392
0.000392
0.000371
0.000474
0.000379
0.000373
0.000366
0.000366
0.000376
0.000363
0.000373
0.000399
0.000375
0.000369
0.000368
0.000376
0.000369
0.000376
0.000374
0.000365
0.00039
0.000381
0.000373
0.000374
0.000401
0.000364
0.000368
0.000371
0.000372
0.000371
0.000366
0.000368
0.000392
0.000373
0.000364
0.000368
0.000367
0.000375
0.000361
0.000373
0.000374
0.000397
0.000368
0.000379
0.000374
0.000392
0.000369
0.00039
0.000445
0.00045
0.00051
0.000385
0.000489
0.000385
0.000371
0.000383
0.000378
0.000389
0.000375
0.000383
0.000389
0.000389
0.000372
0.000381
0.000367
0.000372
0.000374
0.00037
0.000379
0.000382
0.000415
0.000374
0.000373
0.000364
0.000366
0.00037
0.000398
0.000369
0.000364
0.000379
0.000375
0.000387
0.000376
0.000373
0.000366
0.000368
0.000369
0.000367
