0.001338
0.000992
0.00102
0.001048
0.00094
0.000873
0.000865
0.000871
0.000881
0.000802
0.000832
0.000754
0.000763
0.000706
0.0007
0.000713
0.00068
0.000741
0.000703
0.000697
0.000666
0.000659
0.000659
0.000663
0.000665
0.00063
0.00061
0.000591
0.000589
0.000603
0.000612
0.000577
0.000573
0.000571
0.000585
0.000554
0.000581
0.000583
0.000545
0.000549
0.000549
0.000774
0.000539
0.00058
0.000441
0.000467
0.000374
0.000397
0.000375
0.000384
0.000401
0.000375
0.000393
0.000407
0.000388
0.000401
0.000382
0.000387
0.000374
0.000375
0.000374
0.000379
0.000376
0.000378
0.000377
0.000377
0.000368
0.00038
0.00037
0.000373
0.000374
0.000379
0.000376
0.00037
0.000384
0.000376
0.000369
0.000379
0.000399
0.000374
0.000378
0.000373
0.000373
0.000372
0.00038
0.000371
0.000401
0.000368
0.000384
0.000376
0.000369
0.000408
0.000375
0.000385
0.000374
0.000385
0.000416
0.00037
0.000377
0.000372
